DataLayers/Syr/syr_dem_eighth.asc
ncols         177
nrows         113
xllcorner     56.875
yllcorner     34
cellsize      0.125
NODATA_value  -9999
[rows 36 to 71 of 113, columns 81 to 161 of 177]
162 164 167 164 182 214 228 269 323 370 442 526 608 745 928 925 876 -9999 -9999 -9999 -9999 -9999 -9999 -9999 -9999 -9999 -9999 -9999 -9999 -9999 -9999 -9999 -9999 -9999 -9999 -9999 -9999 -9999 -9999 -9999 -9999 -9999 -9999 -9999 -9999 -9999 -9999 -9999 -9999 -9999 -9999 -9999 -9999 -9999 -9999 -9999 -9999 -9999 -9999 -9999 -9999 -9999 -9999 -9999 -9999 -9999 -9999 -9999 -9999 -9999 -9999 -9999 -9999 -9999 -9999 -9999 -9999 -9999 -9999 -9999 -9999
165 165 165 169 163 180 194 216 240 254 285 342 407 474 550 618 720 768 727 679 690 786 -9999 -9999 -9999 -9999 -9999 -9999 -9999 -9999 -9999 -9999 -9999 -9999 -9999 -9999 -9999 -9999 -9999 -9999 -9999 -9999 -9999 -9999 -9999 -9999 -9999 -9999 -9999 -9999 -9999 -9999 -9999 -9999 -9999 -9999 -9999 -9999 -9999 -9999 -9999 -9999 -9999 -9999 -9999 -9999 -9999 -9999 -9999 -9999 -9999 -9999 -9999 -9999 -9999 -9999 -9999 -9999 -9999 -9999 -9999
175 169 167 171 172 169 173 189 199 208 223 246 288 326 387 396 410 467 560 571 604 862 983 1005 -9999 -9999 -9999 -9999 -9999 -9999 -9999 -9999 -9999 -9999 -9999 -9999 -9999 -9999 -9999 -9999 -9999 -9999 -9999 -9999 -9999 -9999 -9999 -9999 -9999 -9999 -9999 -9999 -9999 -9999 -9999 -9999 -9999 -9999 -9999 -9999 -9999 -9999 -9999 -9999 -9999 -9999 -9999 -9999 -9999 -9999 -9999 -9999 -9999 -9999 -9999 -9999 -9999 -9999 -9999 -9999 -9999
176 172 173 174 176 176 174 176 182 189 192 198 215 251 287 295 317 364 401 470 577 666 947 1077 1023 -9999 -9999 -9999 -9999 -9999 -9999 -9999 -9999 -9999 -9999 -9999 -9999 -9999 -9999 -9999 -9999 -9999 -9999 -9999 -9999 -9999 -9999 -9999 -9999 -9999 -9999 -9999 -9999 -9999 -9999 -9999 -9999 -9999 -9999 -9999 -9999 -9999 -9999 -9999 -9999 -9999 -9999 -9999 -9999 -9999 -9999 -9999 -9999 -9999 -9999 -9999 -9999 -9999 -9999 -9999 -9999
176 175 177 179 179 178 178 177 179 182 184 183 189 205 228 249 280 311 372 413 453 627 768 858 1107 1106 985 727 -9999 -9999 -9999 -9999 -9999 -9999 -9999 -9999 -9999 -9999 -9999 -9999 -9999 -9999 -9999 -9999 -9999 -9999 -9999 -9999 -9999 -9999 -9999 -9999 -9999 -9999 -9999 -9999 -9999 -9999 -9999 -9999 -9999 -9999 -9999 -9999 -9999 -9999 -9999 -9999 -9999 -9999 -9999 -9999 -9999 -9999 -9999 -9999 -9999 -9999 -9999 -9999 -9999
177 177 179 180 182 183 183 183 182 183 187 189 188 196 212 231 259 304 337 351 396 488 697 873 899 949 1025 1151 1027 -9999 -9999 -9999 -9999 -9999 -9999 -9999 -9999 -9999 -9999 -9999 -9999 -9999 -9999 -9999 -9999 -9999 -9999 -9999 -9999 -9999 -9999 -9999 -9999 -9999 -9999 -9999 -9999 -9999 -9999 -9999 -9999 -9999 -9999 -9999 -9999 -9999 -9999 -9999 -9999 -9999 -9999 -9999 -9999 -9999 -9999 -9999 -9999 -9999 -9999 -9999 -9999
179 182 183 186 183 186 187 186 187 183 189 191 197 206 217 234 254 276 303 358 423 503 762 1122 1157 1057 1135 1126 1271 -9999 -9999 -9999 -9999 -9999 -9999 -9999 -9999 -9999 -9999 -9999 -9999 -9999 -9999 -9999 -9999 -9999 -9999 -9999 -9999 -9999 -9999 -9999 -9999 -9999 -9999 -9999 -9999 -9999 -9999 -9999 -9999 -9999 -9999 -9999 -9999 -9999 -9999 -9999 -9999 -9999 -9999 -9999 -9999 -9999 -9999 -9999 -9999 -9999 -9999 -9999 -9999
180 182 186 187 187 188 191 190 193 190 191 195 202 211 229 248 265 307 329 379 420 490 630 800 773 896 1157 1174 -9999 -9999 -9999 -9999 -9999 -9999 -9999 -9999 -9999 -9999 -9999 -9999 -9999 -9999 -9999 -9999 -9999 -9999 -9999 -9999 -9999 -9999 -9999 -9999 -9999 -9999 -9999 -9999 -9999 -9999 -9999 -9999 -9999 -9999 -9999 -9999 -9999 -9999 -9999 -9999 -9999 -9999 -9999 -9999 -9999 -9999 -9999 -9999 -9999 -9999 -9999 -9999 -9999
-9999 180 182 187 192 193 195 191 197 191 196 203 207 214 228 259 276 291 319 357 400 446 491 564 660 708 791 1011 1148 1137 -9999 -9999 -9999 -9999 -9999 -9999 -9999 -9999 -9999 -9999 -9999 -9999 -9999 -9999 -9999 -9999 -9999 -9999 -9999 -9999 -9999 -9999 -9999 -9999 -9999 -9999 -9999 -9999 -9999 -9999 -9999 -9999 -9999 -9999 -9999 -9999 -9999 -9999 -9999 -9999 -9999 -9999 -9999 -9999 -9999 -9999 -9999 -9999 -9999 -9999 -9999
-9999 -9999 -9999 189 191 211 199 197 200 197 197 201 206 231 236 246 273 297 344 391 448 517 591 718 869 1087 1224 1260 1587 2253 2490 -9999 -9999 -9999 -9999 -9999 -9999 -9999 -9999 -9999 -9999 -9999 -9999 -9999 -9999 -9999 -9999 -9999 -9999 -9999 -9999 -9999 -9999 -9999 -9999 -9999 -9999 3599 3420 3566 3627 3636 3696 -9999 -9999 -9999 -9999 -9999 -9999 -9999 -9999 -9999 -9999 -9999 -9999 -9999 -9999 -9999 -9999 -9999 -9999
-9999 -9999 -9999 -9999 222 249 224 199 205 202 200 202 216 249 271 286 322 364 385 428 498 583 710 833 982 1190 1452 1898 2467 2967 3187 3283 3291 3064 -9999 -9999 -9999 -9999 -9999 -9999 -9999 -9999 -9999 -9999 3104 3280 -9999 2997 2868 3071 3353 3313 3459 3164 2902 2836 2749 2673 2784 2896 3092 3358 3468 -9999 -9999 -9999 -9999 -9999 -9999 -9999 -9999 -9999 -9999 -9999 -9999 -9999 -9999 -9999 -9999 -9999 -9999
-9999 -9999 -9999 242 260 242 209 206 206 201 215 238 272 316 320 337 359 421 464 494 557 652 744 909 1221 1542 1807 2457 3141 2994 3059 2997 3349 3636 3510 3414 3108 3244 3242 2965 -9999 2723 2867 3202 3456 3276 2803 3020 3273 3094 2835 2664 2774 2646 2226 2140 2213 2830 3315 3355 3006 3143 3282 3170 3105 2756 -9999 -9999 -9999 -9999 -9999 -9999 -9999 -9999 -9999 -9999 -9999 -9999 -9999 -9999 -9999
-9999 -9999 -9999 240 221 208 211 213 211 208 245 278 303 345 382 389 426 462 525 618 797 1052 1037 1219 2179 2362 2903 2878 2947 2274 2961 3250 3436 3029 3037 2892 2490 2665 3090 3218 3068 3281 2551 1976 2355 2941 2308 2809 2991 2932 3134 3002 3110 3181 2778 2573 2898 2628 3359 3065 2435 2368 2265 2474 2583 2923 3400 -9999 -9999 -9999 -9999 -9999 -9999 -9999 -9999 -9999 -9999 -9999 -9999 -9999 -9999
-9999 -9999 246 246 227 214 212 214 212 236 290 340 361 366 409 454 532 585 651 730 811 874 1154 1620 1710 2443 2258 1834 2486 2880 3292 2749 2754 2854 2198 2260 2708 3343 3226 2525 2552 2541 2443 1872 1311 1403 1520 1384 1717 1664 1868 2363 2193 2649 3391 3336 2843 2387 2423 1891 1839 2027 2139 2598 2926 3066 3266 3314 3033 -9999 -9999 -9999 -9999 -9999 -9999 -9999 3653 3942 3939 3617 3583
-9999 -9999 -9999 257 239 228 222 219 217 261 325 352 398 437 472 509 501 573 713 650 774 1007 1444 1692 2040 2118 1862 2743 2859 2630 2253 2311 2495 2115 2525 3219 3389 3053 2259 1764 1699 2468 2671 2797 2230 1382 883 916 1012 1058 1512 1646 1742 2214 2335 2445 2796 2792 1994 2272 2551 2659 2939 3174 3009 3002 3022 3194 3340 3154 3184 3348 3286 3212 3238 3238 3371 3350 3297 3565 3278
-9999 -9999 -9999 270 258 241 232 224 240 288 313 329 375 411 418 421 477 576 592 599 953 1501 1697 1241 1293 1858 2381 2131 1955 1761 1763 2135 2581 2737 3281 3003 2481 1995 1596 1288 1293 1866 2250 2118 1614 1330 1614 1805 1812 1443 1642 1767 2374 2281 1927 1803 2114 2094 2057 2620 3121 3310 3343 3217 3034 3244 3362 3036 2849 2814 2662 2779 3200 3615 3583 3206 3016 2992 2920 3106 3516
-9999 -9999 -9999 282 275 260 243 231 230 279 297 344 370 349 365 397 438 500 499 569 769 790 871 1286 1486 1787 2073 2755 2760 2316 2682 2946 2669 2415 2866 2066 1876 1607 1498 1859 1396 1034 1536 1430 1382 1751 2305 2897 2587 2525 2609 2888 3419 3147 2729 2015 2869 3083 2881 3074 2839 2811 2526 2410 2240 2482 2713 2929 2792 2404 2189 2372 2938 3082 3050 2749 3124 3383 3503 3566 3641
-9999 -9999 295 295 288 276 261 241 224 256 298 326 334 321 335 356 390 438 490 560 594 786 1170 1596 2324 1786 2295 2982 3228 3008 2985 2652 2267 1949 1820 1396 1343 1260 1303 1446 1161 824 1080 2002 2295 2522 3027 3134 1959 2082 2544 2930 2611 2277 1856 1513 1569 1705 2031 1940 1927 1923 1715 1729 1722 1773 1837 1940 1966 1966 2129 2325 2396 2607 2797 2887 3115 3264 3350 3565 3492
295 300 303 303 299 290 272 238 237 282 286 311 315 300 331 351 396 424 455 477 545 807 1373 2105 2340 2051 2775 3013 2419 2731 2761 2919 2539 1766 1421 1159 1045 975 897 1006 986 748 1205 1499 1710 2244 2068 1615 1462 1822 2093 2506 2537 2342 1835 1644 1971 2299 2504 2716 2303 1854 1871 1906 1923 1988 2025 2341 2680 2327 2459 2428 2670 3063 3291 3250 3209 3289 3488 3635 3714
287 294 300 300 300 294 281 242 236 235 268 302 283 306 325 345 368 380 402 439 568 837 1420 2090 1947 2518 2256 1851 2377 2784 2857 1989 1627 1306 1085 899 840 761 751 739 619 613 968 1055 1216 1230 1236 1247 1402 1394 1502 1825 2149 2528 2817 2310 2759 2386 2138 2015 2064 2181 2211 2213 2305 2641 2732 2774 2424 2129 2109 2237 2448 2820 3269 3117 3281 3555 3759 3730 3725
258 270 280 288 290 286 277 255 232 233 228 237 253 287 305 328 329 346 378 430 570 935 1363 1637 1240 1326 1519 2004 2122 1812 2009 1381 942 780 744 693 633 587 525 471 474 517 690 723 703 752 822 1038 1017 1301 1962 1840 2054 2170 2583 2975 2923 2598 2262 2565 2936 2971 2931 2936 3008 3196 3101 2602 2386 2594 2996 3461 3719 3793 3509 3305 -9999 -9999 -9999 -9999 -9999
232 238 250 263 268 267 255 240 249 257 260 256 252 249 272 285 307 351 395 433 519 670 831 861 1013 1469 2260 2054 1481 1176 968 794 616 555 515 465 435 402 404 419 436 454 493 501 553 725 840 812 918 1297 1349 1525 1770 1877 2158 2633 3091 2975 2966 3341 3670 3673 3572 3666 3326 3126 2957 2965 3421 3922 3950 -9999 -9999 -9999 -9999 -9999 -9999 -9999 -9999 -9999 -9999
229 229 228 231 236 241 243 247 252 260 264 263 261 256 256 278 308 344 389 469 636 839 1059 1272 1684 2137 2341 1684 1026 668 575 438 375 371 374 381 388 400 414 425 430 439 466 569 680 634 668 725 898 1002 1019 1190 1471 1966 2591 2590 2705 3175 3228 3001 2955 2996 3126 3155 3211 3286 3498 3686 3776 -9999 -9999 -9999 -9999 -9999 -9999 -9999 -9999 -9999 -9999 -9999 -9999
267 258 238 228 232 243 251 256 260 259 261 263 266 264 266 264 288 326 385 662 1051 1437 1830 1889 2059 1521 1085 785 514 406 369 372 377 376 379 390 399 411 423 433 451 473 563 638 662 731 767 819 956 1028 1405 1210 1532 1929 2310 2814 3059 2951 3438 3685 3329 3189 3066 3151 3409 3777 3586 -9999 -9999 -9999 -9999 -9999 -9999 -9999 -9999 -9999 -9999 -9999 -9999 -9999 -9999
360 302 276 254 228 248 256 264 267 268 267 261 258 266 269 272 264 293 349 776 1182 1289 1646 1432 1248 797 536 450 374 363 382 401 407 397 390 403 423 443 455 457 476 551 581 648 852 932 955 1083 1269 1489 2013 1903 1687 1818 2244 2665 2822 3139 3361 3563 3900 3958 3730 3578 3611 3601 -9999 -9999 -9999 -9999 -9999 -9999 -9999 -9999 -9999 -9999 -9999 -9999 -9999 -9999 -9999
814 502 461 393 314 264 266 274 280 279 278 273 265 265 274 281 276 277 321 485 752 718 875 864 764 534 403 362 390 393 419 490 507 442 417 430 452 510 548 592 636 701 844 982 1021 1150 1274 1475 1708 1764 1885 2214 2259 2377 2674 3020 2513 2501 2984 3474 3651 3675 3798 3734 3950 3859 -9999 -9999 -9999 -9999 -9999 -9999 -9999 -9999 -9999 -9999 -9999 -9999 -9999 -9999 -9999
974 1117 1155 776 399 303 297 303 300 298 294 294 289 291 289 303 294 280 329 661 717 430 392 415 374 323 336 422 576 632 622 722 712 598 550 570 642 679 670 755 888 1037 1229 1387 1357 1375 1645 1585 1899 2082 2144 1812 2091 2696 3316 3249 2989 2510 2431 2773 3222 3759 3927 3824 -9999 -9999 -9999 -9999 -9999 -9999 -9999 -9999 -9999 -9999 -9999 -9999 -9999 -9999 -9999 -9999 -9999
-9999 -9999 -9999 993 732 441 338 333 335 346 351 352 354 361 386 418 428 385 369 365 413 481 475 567 673 664 920 937 855 921 858 942 967 1028 1039 1008 942 924 972 1158 1250 1509 1885 2168 2063 1924 2108 2328 2765 2614 2726 2334 2384 2814 3488 3791 3480 3361 3080 3379 3466 -9999 -9999 -9999 -9999 -9999 -9999 -9999 -9999 -9999 -9999 -9999 -9999 -9999 -9999 -9999 -9999 -9999 -9999 -9999 -9999
-9999 -9999 769 699 622 646 506 377 379 405 441 455 472 536 601 651 680 657 654 707 763 867 983 1154 1356 1530 1663 1432 1132 1082 1056 1259 1289 1612 2033 2157 1915 1485 1691 1920 1691 2293 2808 2784 2863 3440 3359 2492 3065 3317 3274 2924 2578 3342 3800 3987 3905 3685 3473 3589 -9999 -9999 -9999 -9999 -9999 -9999 -9999 -9999 -9999 -9999 -9999 -9999 -9999 -9999 -9999 -9999 -9999 -9999 -9999 -9999 -9999
-9999 -9999 1101 792 690 866 1017 765 648 591 673 710 718 839 909 908 973 1029 1056 1141 1291 1570 1375 1503 1897 1937 1696 1552 1499 1788 1748 1629 1416 1550 2071 2410 2760 2574 2490 2960 2489 2658 3385 3954 4020 3854 3240 2949 3065 3718 3328 2706 3267 3864 -9999 -9999 -9999 -9999 -9999 -9999 -9999 -9999 -9999 -9999 -9999 -9999 -9999 -9999 -9999 -9999 -9999 -9999 -9999 -9999 -9999 -9999 -9999 -9999 -9999 -9999 -9999
-9999 -9999 -9999 818 852 940 1181 1546 1601 1252 1029 1167 1386 1362 1319 1282 1311 1381 1393 1473 1655 1759 1769 1646 1698 2531 2618 2297 2012 2223 2854 2554 2101 2745 3492 3543 3371 3952 4063 3677 2906 3392 3984 4063 4174 4117 4103 3895 3856 3432 3184 3435 3853 -9999 -9999 -9999 -9999 -9999 -9999 -9999 -9999 -9999 -9999 -9999 -9999 -9999 -9999 -9999 -9999 -9999 -9999 -9999 -9999 -9999 -9999 -9999 -9999 -9999 -9999 -9999 -9999
-9999 -9999 -9999 -9999 -9999 1857 1991 1679 1622 1898 1985 1779 2313 2196 1993 1944 1965 2103 1985 2405 2632 2931 2977 2871 2962 3436 2898 3277 3796 3521 3168 2391 3164 3455 3618 4003 4140 4010 3858 3781 3820 3652 3680 3506 -9999 -9999 -9999 -9999 -9999 -9999 -9999 -9999 -9999 -9999 -9999 -9999 -9999 -9999 -9999 -9999 -9999 -9999 -9999 -9999 -9999 -9999 -9999 -9999 -9999 -9999 -9999 -9999 -9999 -9999 -9999 -9999 -9999 -9999 -9999 -9999 -9999
-9999 -9999 -9999 -9999 -9999 -9999 -9999 2077 2359 2576 2732 2740 3099 2974 3127 3024 2841 3050 3266 3412 3614 3893 3705 3965 3914 4084 4006 4159 4197 3941 3377 3279 3333 3741 4007 3948 3908 -9999 -9999 -9999 -9999 -9999 -9999 -9999 -9999 -9999 -9999 -9999 -9999 -9999 -9999 -9999 -9999 -9999 -9999 -9999 -9999 -9999 -9999 -9999 -9999 -9999 -9999 -9999 -9999 -9999 -9999 -9999 -9999 -9999 -9999 -9999 -9999 -9999 -9999 -9999 -9999 -9999 -9999 -9999 -9999
-9999 -9999 -9999 -9999 -9999 -9999 -9999 -9999 -9999 -9999 -9999 -9999 -9999 -9999 2945 2822 2832 2772 -9999 -9999 -9999 -9999 -9999 -9999 -9999 -9999 -9999 -9999 -9999 3511 3744 3788 3853 -9999 -9999 -9999 -9999 -9999 -9999 -9999 -9999 -9999 -9999 -9999 -9999 -9999 -9999 -9999 -9999 -9999 -9999 -9999 -9999 -9999 -9999 -9999 -9999 -9999 -9999 -9999 -9999 -9999 -9999 -9999 -9999 -9999 -9999 -9999 -9999 -9999 -9999 -9999 -9999 -9999 -9999 -9999 -9999 -9999 -9999 -9999 -9999
-9999 -9999 -9999 -9999 -9999 -9999 -9999 -9999 -9999 -9999 -9999 -9999 -9999 -9999 -9999 -9999 -9999 -9999 -9999 -9999 -9999 -9999 -9999 -9999 -9999 -9999 -9999 -9999 -9999 -9999 -9999 -9999 -9999 -9999 -9999 -9999 -9999 -9999 -9999 -9999 -9999 -9999 -9999 -9999 -9999 -9999 -9999 -9999 -9999 -9999 -9999 -9999 -9999 -9999 -9999 -9999 -9999 -9999 -9999 -9999 -9999 -9999 -9999 -9999 -9999 -9999 -9999 -9999 -9999 -9999 -9999 -9999 -9999 -9999 -9999 -9999 -9999 -9999 -9999 -9999 -9999
-9999 -9999 -9999 -9999 -9999 -9999 -9999 -9999 -9999 -9999 -9999 -9999 -9999 -9999 -9999 -9999 -9999 -9999 -9999 -9999 -9999 -9999 -9999 -9999 -9999 -9999 -9999 -9999 -9999 -9999 -9999 -9999 -9999 -9999 -9999 -9999 -9999 -9999 -9999 -9999 -9999 -9999 -9999 -9999 -9999 -9999 -9999 -9999 -9999 -9999 -9999 -9999 -9999 -9999 -9999 -9999 -9999 -9999 -9999 -9999 -9999 -9999 -9999 -9999 -9999 -9999 -9999 -9999 -9999 -9999 -9999 -9999 -9999 -9999 -9999 -9999 -9999 -9999 -9999 -9999 -9999
